R: 0.21600000000000016
t: 0.0018787878787878787
L: 1.5615151515151515
Volume: 0.003959520515062517
Fuel Volume: 0.20381
Margin Volume: 0.056776936637975665
Mass: 10.7303
Shell: 92528147.91083115
Column: 72206278.18032953
Hoop: 275922580.6451615
Stress: 23983954.65717085